187887131
1370705999812829185
1477342011875381251
1446050611678486528
3033323297
1167532630746828801
897652496461680640
59987149
1500480341596803072
1325444999367036928
1465588893487534080
1368890030769442816
931984311875788801
393168472
1476259525145415681
1056130963552505858
931537558298923011
1475596983582789632
1443281864735608832
240643850
966054071227551749
2222048700
1463764113402712072
53359776
990835201159942144
1439886663660998659
634679913
1026379086443241472
1130938777726332928
940136368797347840
12603912
1475469899178909699
